{
  "asset": {
    "version": "2.0",
    "generator": "THREE.GLTFExporter"
  },
  "scenes": [
    {
      "nodes": [
        28
      ],
      "name": "AuxScene"
    }
  ],
  "scene": 0,
  "nodes": [
    {
      "matrix": [
        0.9992165539698598,
        4.336808689942018e-19,
        0.0395762336838455,
        0,
        0.004661295290068144,
        0.9930396935622765,
        -0.11768788950422582,
        0,
        -0.03930077096975497,
        0.11778016390606728,
        0.9922617005565832,
        0,
        -38.77305711412258,
        211.5137678720612,
        772.522704411219,
        1
      ],
      "name": "CINEMA_4D_Editor",
      "camera": 0
    },
    {
      "matrix": [
        -0.9124012819156571,
        -0.3610874158456738,
        0.1927168359966467,
        0,
        0.3870862971944565,
        -0.9142506201500301,
        0.1196244209163398,
        0,
        0.1329966138025697,
        0.18374352144546,
        0.9739354285802894,
        0,
        4.490466849609817,
        0.1776468700781019,
        -0.4372472516782113,
        1
      ],
      "name": "Cloud_1_6",
      "mesh": 0
    },
    {
      "matrix": [
        0.9843410859000038,
        0.10705115246740478,
        -0.14004526898329198,
        0,
        -0.07674379492601296,
        0.97548464892431,
        0.2062524900537439,
        0,
        0.15869157680720228,
        -0.19227519462586984,
        0.9684251302924908,
        0,
        3.436916132033386,
        0.17764687007810198,
        -0.14280778446727194,
        1
      ],
      "name": "Cloud_1_5",
      "mesh": 1
    },
    {
      "matrix": [
        1,
        0,
        0,
        0,
        0,
        1,
        4.930380657631324e-32,
        0,
        0,
        -4.930380657631324e-32,
        1,
        0,
        4.998595206482057,
        1.0882367262766777,
        -0.14280778446727238,
        1
      ],
      "name": "Cloud_1_4",
      "mesh": 2
    },
    {
      "matrix": [
        0.9843410859000038,
        0.10705115246740478,
        -0.14004526898329198,
        0,
        -0.07674379492601296,
        0.97548464892431,
        0.2062524900537439,
        0,
        0.15869157680720228,
        -0.19227519462586984,
        0.9684251302924908,
        0,
        -2.7683373985913793,
        1.1511718947060514,
        -0.5130605308841338,
        1
      ],
      "name": "Cloud_1_3",
      "mesh": 3
    },
    {
      "matrix": [
        0.9843410859000038,
        0.10705115246740478,
        -0.14004526898329198,
        0,
        -0.07674379492601296,
        0.97548464892431,
        0.2062524900537439,
        0,
        0.15869157680720228,
        -0.19227519462586984,
        0.9684251302924908,
        0,
        -3.438809544394124,
        -0.33871928896010434,
        0.33948424179155623,
        1
      ],
      "name": "Cloud_1_2",
      "mesh": 4
    },
    {
      "matrix": [
        0.9666959211300898,
        0.2140762394978175,
        -0.14025105972120122,
        0,
        -0.19691037062225114,
        0.9721981863758595,
        0.1267161881879982,
        0,
        0.16347875094902875,
        -0.09487913411262562,
        0.9819738529605482,
        0,
        -3.7963192049040204,
        0.376239281603771,
        -0.14280778446727194,
        1
      ],
      "name": "Cloud_1_1",
      "mesh": 5
    },
    {
      "matrix": [
        1,
        0,
        0,
        0,
        0,
        1,
        4.930380657631324e-32,
        0,
        0,
        -4.930380657631324e-32,
        1,
        0,
        -5.076909358214572,
        1.0882367262766777,
        -0.14280778446727238,
        1
      ],
      "name": "Cloud_1",
      "mesh": 6
    },
    {
      "matrix": [
        0.9843410859000032,
        0.10705115246740474,
        -0.14004526898329284,
        0,
        -0.07674379492601278,
        0.9754846489243102,
        0.20625249005374405,
        0,
        0.1586915768072032,
        -0.19227519462586987,
        0.9684251302924906,
        0,
        -2.625683387625503,
        0.4974465420261545,
        -0.3731127891760053,
        1
      ],
      "name": "Cloud_1_4_2",
      "mesh": 7
    },
    {
      "matrix": [
        0.9843410859000032,
        0.10705115246740474,
        -0.14004526898329284,
        0,
        -0.07674379492601278,
        0.9754846489243102,
        0.20625249005374405,
        0,
        0.1586915768072032,
        -0.19227519462586987,
        0.9684251302924906,
        0,
        2.472302031402736,
        0.9367157731884006,
        -0.5537731254470539,
        1
      ],
      "name": "Cloud_1_3_2",
      "mesh": 8
    },
    {
      "matrix": [
        0.9843410859000032,
        0.10705115246740474,
        -0.14004526898329284,
        0,
        -0.07674379492601278,
        0.9754846489243102,
        0.20625249005374405,
        0,
        0.1586915768072032,
        -0.19227519462586987,
        0.9684251302924906,
        0,
        1.8132198588155786,
        -0.33871928896010434,
        0.33948424179155623,
        1
      ],
      "name": "Cloud_1_2_2",
      "mesh": 9
    },
    {
      "matrix": [
        -0.9124012819156571,
        -0.3610874158456738,
        0.1927168359966467,
        0,
        0.3870862971944565,
        -0.9142506201500301,
        0.1196244209163398,
        0,
        0.1329966138025697,
        0.18374352144546,
        0.9739354285802894,
        0,
        -0.33300831187711066,
        0.1776468700781019,
        -0.4372472516782113,
        1
      ],
      "name": "Cloud_1_1_2",
      "mesh": 10
    },
    {
      "matrix": [
        0.9843410859000032,
        0.10705115246740474,
        -0.14004526898329284,
        0,
        -0.07674379492601278,
        0.9754846489243102,
        0.20625249005374405,
        0,
        0.1586915768072032,
        -0.19227519462586987,
        0.9684251302924906,
        0,
        -1.386559029453542,
        0.17764687007810198,
        -0.14280778446727194,
        1
      ],
      "name": "Cloud_1_2_3",
      "mesh": 11
    },
    {
      "matrix": [
        1,
        0,
        0,
        0,
        0,
        1,
        4.930380657631324e-32,
        0,
        0,
        -4.930380657631324e-32,
        1,
        0,
        -1.6308302433008124,
        1.766068925902116,
        0.28561556893454476,
        1
      ],
      "name": "Cloud_1_1_3",
      "mesh": 12
    },
    {
      "matrix": [
        0.9666959211300897,
        0.21407623949781865,
        -0.1402510597212008,
        0,
        -0.19691037062225233,
        0.9721981863758598,
        0.1267161881879986,
        0,
        0.16347875094902847,
        -0.09487913411262583,
        0.9819738529605482,
        0,
        1.455710198305682,
        0.376239281603771,
        -0.14280778446727194,
        1
      ],
      "name": "Cloud_1_3_3",
      "mesh": 13
    },
    {
      "matrix": [
        1,
        0,
        0,
        0,
        0,
        1,
        4.930380657631324e-32,
        0,
        0,
        -4.930380657631324e-32,
        1,
        0,
        0.1751200449951304,
        1.0882367262766777,
        -0.14280778446727238,
        1
      ],
      "name": "Cloud_1_4_3",
      "mesh": 14
    },
    {
      "matrix": [
        77.49482727050781,
        0,
        0,
        0,
        0,
        1.7207308305013446e-14,
        -77.49482727050781,
        0,
        0,
        77.49482727050781,
        1.7207308305013446e-14,
        0,
        -13.570897638501188,
        190.53277890115766,
        -3.9917398907075494,
        1
      ],
      "name": "clouds",
      "children": [
        1,
        2,
        3,
        4,
        5,
        6,
        7,
        8,
        9,
        10,
        11,
        12,
        13,
        14,
        15
      ]
    },
    {
      "matrix": [
        1,
        0,
        0,
        0,
        0,
        1,
        0,
        0,
        0,
        0,
        1,
        0,
        -204,
        41,
        0,
        1
      ],
      "name": "Sun_2",
      "mesh": 15
    },
    {
      "name": "Sun",
      "children": [
        17
      ]
    },
    {
      "name": "Null",
      "children": [
        16,
        18
      ]
    },
    {
      "matrix": [
        1,
        0,
        0,
        0,
        0,
        1,
        0,
        0,
        0,
        0,
        1,
        0,
        -3.438396075804153,
        15.95006047144885,
        171.575926350277,
        1
      ],
      "name": "MoText_2",
      "mesh": 16
    },
    {
      "matrix": [
        -12.801790854505121,
        -0.000006586814793969147,
        40.35737115038671,
        0,
        -3.557068441899367e-9,
        42.33914566039984,
        0.00000690913620499823,
        0,
        -40.35737115038726,
        0.0000020856765381770917,
        -12.801790854504954,
        0,
        136.0445325817652,
        -4.035095946297636,
        -18.05940999527587,
        1
      ],
      "name": "Cylinder_014",
      "mesh": 17
    },
    {
      "matrix": [
        -174.36436098658402,
        2.6699446232597785e-14,
        -81.30743683734632,
        0,
        -81.30743683734636,
        -4.2719113972156474e-14,
        174.36436098658413,
        0,
        5.3398892465195585e-15,
        192.38978576660162,
        4.271911397215647e-14,
        0,
        -124.46911808778471,
        -4.6446798178450335,
        36.62260652485185,
        1
      ],
      "name": "Sphere",
      "mesh": 18
    },
    {
      "matrix": [
        -59.643318075553985,
        1.0959420067828017e-14,
        -27.812135976405116,
        0,
        -27.812135976405106,
        -2.92251201808747e-14,
        59.64331807555397,
        0,
        0,
        65.80912017822264,
        1.461256009043735e-14,
        0,
        -57.706827701430896,
        -4.054277199436828,
        13.279713494929865,
        1
      ],
      "name": "Icosphere_001",
      "mesh": 19
    },
    {
      "matrix": [
        105.12110324561117,
        1.4486949657161638e-14,
        49.018775477130674,
        0,
        -24.69488991030198,
        -89.59926406345926,
        52.95836231386439,
        0,
        -79.51759096453473,
        122.7070025553554,
        170.52602412569337,
        0,
        -89.91311937431477,
        16.76914890987713,
        -13.783500029229913,
        1
      ],
      "name": "Sphere_001",
      "mesh": 20
    },
    {
      "matrix": [
        -12.801790854505121,
        -0.000006586814793969147,
        40.35737115038671,
        0,
        -3.557068441899367e-9,
        42.33914566039984,
        0.00000690913620499823,
        0,
        -40.35737115038726,
        0.0000020856765381770917,
        -12.801790854504954,
        0,
        136.0445325817652,
        -4.035095946297636,
        -18.05940999527587,
        1
      ],
      "name": "Icosphere_Icosphere_002",
      "mesh": 21
    },
    {
      "matrix": [
        -12.801790854505121,
        -0.000006586814793969147,
        40.35737115038671,
        0,
        -3.557068441899367e-9,
        42.33914566039984,
        0.00000690913620499823,
        0,
        -40.35737115038726,
        0.0000020856765381770917,
        -12.801790854504954,
        0,
        136.0445325817652,
        -4.035095946297636,
        -18.05940999527587,
        1
      ],
      "name": "Icosphere_001_Icosphere_003",
      "mesh": 22
    },
    {
      "matrix": [
        1,
        0,
        0,
        0,
        0,
        1,
        0,
        0,
        0,
        0,
        1,
        0,
        -5.455707029359065,
        4.034827951573148,
        -178.7804188461744,
        1
      ],
      "name": "Fix_Objects",
      "children": [
        20,
        21,
        22,
        23,
        24,
        25,
        26
      ]
    },
    {
      "children": [
        0,
        19,
        27
      ]
    }
  ],
  "cameras": [
    {
      "type": "perspective",
      "perspective": {
        "aspectRatio": 1.7777777777777777,
        "yfov": 0.30027711103582555,
        "zfar": 10,
        "znear": 0.000001
      },
      "name": "PerspectiveCamera"
    }
  ],
  "bufferViews": [
    {
      "buffer": 0,
      "byteOffset": 0,
      "byteLength": 3276,
      "target": 34962,
      "byteStride": 12
    },
    {
      "buffer": 0,
      "byteOffset": 3276,
      "byteLength": 3276,
      "target": 34962,
      "byteStride": 12
    },
    {
      "buffer": 0,
      "byteOffset": 6552,
      "byteLength": 2184,
      "target": 34962,
      "byteStride": 8
    },
    {
      "buffer": 0,
      "byteOffset": 8736,
      "byteLength": 548,
      "target": 34963
    },
    {
      "buffer": 0,
      "byteOffset": 9284,
      "byteLength": 3276,
      "target": 34962,
      "byteStride": 12
    },
    {
      "buffer": 0,
      "byteOffset": 12560,
      "byteLength": 3276,
      "target": 34962,
      "byteStride": 12
    },
    {
      "buffer": 0,
      "byteOffset": 15836,
      "byteLength": 2184,
      "target": 34962,
      "byteStride": 8
    },
    {
      "buffer": 0,
      "byteOffset": 18020,
      "byteLength": 548,
      "target": 34963
    },
    {
      "buffer": 0,
      "byteOffset": 18568,
      "byteLength": 3276,
      "target": 34962,
      "byteStride": 12
    },
    {
      "buffer": 0,
      "byteOffset": 21844,
      "byteLength": 3276,
      "target": 34962,
      "byteStride": 12
    },
    {
      "buffer": 0,
      "byteOffset": 25120,
      "byteLength": 2184,
      "target": 34962,
      "byteStride": 8
    },
    {
      "buffer": 0,
      "byteOffset": 27304,
      "byteLength": 548,
      "target": 34963
    },
    {
      "buffer": 0,
      "byteOffset": 27852,
      "byteLength": 3276,
      "target": 34962,
      "byteStride": 12
    },
    {
      "buffer": 0,
      "byteOffset": 31128,
      "byteLength": 3276,
      "target": 34962,
      "byteStride": 12
    },
    {
      "buffer": 0,
      "byteOffset": 34404,
      "byteLength": 2184,
      "target": 34962,
      "byteStride": 8
    },
    {
      "buffer": 0,
      "byteOffset": 36588,
      "byteLength": 548,
      "target": 34963
    },
    {
      "buffer": 0,
      "byteOffset": 37136,
      "byteLength": 3276,
      "target": 34962,
      "byteStride": 12
    },
    {
      "buffer": 0,
      "byteOffset": 40412,
      "byteLength": 3276,
      "target": 34962,
      "byteStride": 12
    },
    {
      "buffer": 0,
      "byteOffset": 43688,
      "byteLength": 2184,
      "target": 34962,
      "byteStride": 8
    },
    {
      "buffer": 0,
      "byteOffset": 45872,
      "byteLength": 548,
      "target": 34963
    },
    {
      "buffer": 0,
      "byteOffset": 46420,
      "byteLength": 3276,
      "target": 34962,
      "byteStride": 12
    },
    {
      "buffer": 0,
      "byteOffset": 49696,
      "byteLength": 3276,
      "target": 34962,
      "byteStride": 12
    },
    {
      "buffer": 0,
      "byteOffset": 52972,
      "byteLength": 2184,
      "target": 34962,
      "byteStride": 8
    },
    {
      "buffer": 0,
      "byteOffset": 55156,
      "byteLength": 548,
      "target": 34963
    },
    {
      "buffer": 0,
      "byteOffset": 55704,
      "byteLength": 3276,
      "target": 34962,
      "byteStride": 12
    },
    {
      "buffer": 0,
      "byteOffset": 58980,
      "byteLength": 3276,
      "target": 34962,
      "byteStride": 12
    },
    {
      "buffer": 0,
      "byteOffset": 62256,
      "byteLength": 2184,
      "target": 34962,
      "byteStride": 8
    },
    {
      "buffer": 0,
      "byteOffset": 64440,
      "byteLength": 548,
      "target": 34963
    },
    {
      "buffer": 0,
      "byteOffset": 64988,
      "byteLength": 3276,
      "target": 34962,
      "byteStride": 12
    },
    {
      "buffer": 0,
      "byteOffset": 68264,
      "byteLength": 3276,
      "target": 34962,
      "byteStride": 12
    },
    {
      "buffer": 0,
      "byteOffset": 71540,
      "byteLength": 2184,
      "target": 34962,
      "byteStride": 8
    },
    {
      "buffer": 0,
      "byteOffset": 73724,
      "byteLength": 548,
      "target": 34963
    },
    {
      "buffer": 0,
      "byteOffset": 74272,
      "byteLength": 3276,
      "target": 34962,
      "byteStride": 12
    },
    {
      "buffer": 0,
      "byteOffset": 77548,
      "byteLength": 3276,
      "target": 34962,
      "byteStride": 12
    },
    {
      "buffer": 0,
      "byteOffset": 80824,
      "byteLength": 2184,
      "target": 34962,
      "byteStride": 8
    },
    {
      "buffer": 0,
      "byteOffset": 83008,
      "byteLength": 548,
      "target": 34963
    },
    {
      "buffer": 0,
      "byteOffset": 83556,
      "byteLength": 3276,
      "target": 34962,
      "byteStride": 12
    },
    {
      "buffer": 0,
      "byteOffset": 86832,
      "byteLength": 3276,
      "target": 34962,
      "byteStride": 12
    },
    {
      "buffer": 0,
      "byteOffset": 90108,
      "byteLength": 2184,
      "target": 34962,
      "byteStride": 8
    },
    {
      "buffer": 0,
      "byteOffset": 92292,
      "byteLength": 548,
      "target": 34963
    },
    {
      "buffer": 0,
      "byteOffset": 92840,
      "byteLength": 3276,
      "target": 34962,
      "byteStride": 12
    },
    {
      "buffer": 0,
      "byteOffset": 96116,
      "byteLength": 3276,
      "target": 34962,
      "byteStride": 12
    },
    {
      "buffer": 0,
      "byteOffset": 99392,
      "byteLength": 2184,
      "target": 34962,
      "byteStride": 8
    },
    {
      "buffer": 0,
      "byteOffset": 101576,
      "byteLength": 548,
      "target": 34963
    },
    {
      "buffer": 0,
      "byteOffset": 102124,
      "byteLength": 3276,
      "target": 34962,
      "byteStride": 12
    },
    {
      "buffer": 0,
      "byteOffset": 105400,
      "byteLength": 3276,
      "target": 34962,
      "byteStride": 12
    },
    {
      "buffer": 0,
      "byteOffset": 108676,
      "byteLength": 2184,
      "target": 34962,
      "byteStride": 8
    },
    {
      "buffer": 0,
      "byteOffset": 110860,
      "byteLength": 548,
      "target": 34963
    },
    {
      "buffer": 0,
      "byteOffset": 111408,
      "byteLength": 3276,
      "target": 34962,
      "byteStride": 12
    },
    {
      "buffer": 0,
      "byteOffset": 114684,
      "byteLength": 3276,
      "target": 34962,
      "byteStride": 12
    },
    {
      "buffer": 0,
      "byteOffset": 117960,
      "byteLength": 2184,
      "target": 34962,
      "byteStride": 8
    },
    {
      "buffer": 0,
      "byteOffset": 120144,
      "byteLength": 548,
      "target": 34963
    },
    {
      "buffer": 0,
      "byteOffset": 120692,
      "byteLength": 3276,
      "target": 34962,
      "byteStride": 12
    },
    {
      "buffer": 0,
      "byteOffset": 123968,
      "byteLength": 3276,
      "target": 34962,
      "byteStride": 12
    },
    {
      "buffer": 0,
      "byteOffset": 127244,
      "byteLength": 2184,
      "target": 34962,
      "byteStride": 8
    },
    {
      "buffer": 0,
      "byteOffset": 129428,
      "byteLength": 548,
      "target": 34963
    },
    {
      "buffer": 0,
      "byteOffset": 129976,
      "byteLength": 3276,
      "target": 34962,
      "byteStride": 12
    },
    {
      "buffer": 0,
      "byteOffset": 133252,
      "byteLength": 3276,
      "target": 34962,
      "byteStride": 12
    },
    {
      "buffer": 0,
      "byteOffset": 136528,
      "byteLength": 2184,
      "target": 34962,
      "byteStride": 8
    },
    {
      "buffer": 0,
      "byteOffset": 138712,
      "byteLength": 548,
      "target": 34963
    },
    {
      "buffer": 0,
      "byteOffset": 139260,
      "byteLength": 8064,
      "target": 34962,
      "byteStride": 12
    },
    {
      "buffer": 0,
      "byteOffset": 147324,
      "byteLength": 8064,
      "target": 34962,
      "byteStride": 12
    },
    {
      "buffer": 0,
      "byteOffset": 155388,
      "byteLength": 5376,
      "target": 34962,
      "byteStride": 8
    },
    {
      "buffer": 0,
      "byteOffset": 160764,
      "byteLength": 1344,
      "target": 34963
    },
    {
      "buffer": 0,
      "byteOffset": 162108,
      "byteLength": 19080,
      "target": 34962,
      "byteStride": 12
    },
    {
      "buffer": 0,
      "byteOffset": 181188,
      "byteLength": 19080,
      "target": 34962,
      "byteStride": 12
    },
    {
      "buffer": 0,
      "byteOffset": 200268,
      "byteLength": 12720,
      "target": 34962,
      "byteStride": 8
    },
    {
      "buffer": 0,
      "byteOffset": 212988,
      "byteLength": 3180,
      "target": 34963
    },
    {
      "buffer": 0,
      "byteOffset": 216168,
      "byteLength": 4176,
      "target": 34962,
      "byteStride": 12
    },
    {
      "buffer": 0,
      "byteOffset": 220344,
      "byteLength": 4176,
      "target": 34962,
      "byteStride": 12
    },
    {
      "buffer": 0,
      "byteOffset": 224520,
      "byteLength": 696,
      "target": 34963
    },
    {
      "buffer": 0,
      "byteOffset": 225216,
      "byteLength": 3816,
      "target": 34962,
      "byteStride": 12
    },
    {
      "buffer": 0,
      "byteOffset": 229032,
      "byteLength": 3816,
      "target": 34962,
      "byteStride": 12
    },
    {
      "buffer": 0,
      "byteOffset": 232848,
      "byteLength": 636,
      "target": 34963
    },
    {
      "buffer": 0,
      "byteOffset": 233484,
      "byteLength": 792,
      "target": 34962,
      "byteStride": 12
    },
    {
      "buffer": 0,
      "byteOffset": 234276,
      "byteLength": 792,
      "target": 34962,
      "byteStride": 12
    },
    {
      "buffer": 0,
      "byteOffset": 235068,
      "byteLength": 132,
      "target": 34963
    },
    {
      "buffer": 0,
      "byteOffset": 235200,
      "byteLength": 1728,
      "target": 34962,
      "byteStride": 12
    },
    {
      "buffer": 0,
      "byteOffset": 236928,
      "byteLength": 1728,
      "target": 34962,
      "byteStride": 12
    },
    {
      "buffer": 0,
      "byteOffset": 238656,
      "byteLength": 288,
      "target": 34963
    },
    {
      "buffer": 0,
      "byteOffset": 238944,
      "byteLength": 5184,
      "target": 34962,
      "byteStride": 12
    },
    {
      "buffer": 0,
      "byteOffset": 244128,
      "byteLength": 5184,
      "target": 34962,
      "byteStride": 12
    },
    {
      "buffer": 0,
      "byteOffset": 249312,
      "byteLength": 864,
      "target": 34963
    },
    {
      "buffer": 0,
      "byteOffset": 250176,
      "byteLength": 3528,
      "target": 34962,
      "byteStride": 12
    },
    {
      "buffer": 0,
      "byteOffset": 253704,
      "byteLength": 3528,
      "target": 34962,
      "byteStride": 12
    },
    {
      "buffer": 0,
      "byteOffset": 257232,
      "byteLength": 588,
      "target": 34963
    }
  ],
  "buffers": [
    {
      "byteLength": 257820,
